2.562,
2.346,
2.174,
2.063,
1.931,
1.827,
1.727,
1.635,
1.540,
1.482,
1.398,
1.362,
1.292,
1.230,
1.201,
1.139,
1.109,
1.074,
1.014,
0.992,
0.970,
0.943,
0.925,
0.889,
0.874,
0.864,
0.845,
0.819,
0.823,
0.797,
0.757,
0.755,
0.744,
0.721,
0.736,
0.715,
0.710,
0.698,
0.665,
0.664,
0.662,
0.662,
0.644,
0.633,
0.627,
0.608,
0.610,
0.601,
0.613,
0.599,
0.590,
0.588,
0.583,
0.568,
0.586,
0.559,
0.551,
0.564,
0.544,
0.518,
0.561,
0.529,
0.522,
0.534,
0.538,
0.521,
0.544,
0.542,
0.514,
0.496,
0.497,
0.516,
0.495,
0.496,
0.504,
0.482,
0.480,
0.492,
0.485,
0.488,
0.478,
0.489,
0.476,
0.470,
0.465,
0.473,
0.456,
0.461,
0.456,
0.457,
0.453,
0.451,
0.454,
0.454,
0.455,
0.443,
0.457,
0.449,
0.444,
0.445,
0.432,
0.424,
0.441,
0.427,
0.410,
0.434,
0.424,
0.423,
0.421,
0.429,
0.415,
0.432,
0.417,
0.423,
0.405,
0.410,
0.417,
0.405,
0.399,
0.410,
