0.090,
0.135,
0.211,
0.287,
0.374,
0.460,
0.510,
0.561,
0.608,
0.636,
0.661,
0.692,
0.708,
0.725,
0.731,
0.742,
0.752,
0.760,
0.762,
0.770,
0.783,
0.792,
0.794,
0.805,
0.800,
0.801,
0.808,
0.812,
0.815,
0.823,
0.820,
0.825,
0.832,
0.826,
0.827,
0.829,
0.835,
0.837,
0.839,
0.834,
0.841,
0.847,
0.841,
0.843,
0.852,
0.849,
0.855,
0.854,
0.860,
0.855,
0.857,
0.858,
0.855,
0.860,
0.863,
0.862,
0.860,
0.865,
0.863,
0.866,
0.865,
0.863,
0.872,
0.864,
0.871,
0.867,
0.873,
0.873,
0.881,
0.871,
0.872,
0.875,
0.875,
0.876,
0.878,
0.881,
0.880,
0.882,
0.882,
0.877,
0.876,
0.876,
0.880,
0.883,
0.884,
0.877,
0.881,
0.880,
0.886,
0.886,
0.881,
0.884,
0.888,
0.887,
0.887,
0.894,
0.886,
0.888,
0.890,
0.884,
0.888,
0.884,
0.891,
0.897,
0.891,
0.892,
0.888,
0.889,
0.891,
0.891,
0.891,
0.888,
0.892,
0.892,
0.888,
0.891,
0.889,
0.889,
0.893,
0.892,
